0	0	0	100	0	-4.07861	0
20	0.0821306	0.00143629	68.0069	32.8145	-4.05173	0.124037
40	0.0828944	0.00284759	53.3582	45.7146	-4.02599	0.245189
60	0.0719229	0.00418722	50.2039	48.828	-4.00215	0.359541
80	0.066136	0.00549581	50.9147	48.6419	-3.97939	0.470649
100	0.0648029	0.00679945	51.7868	48.1109	-3.95723	0.580766
120	0.0649914	0.00810533	52.1317	47.8769	-3.93551	0.690517
140	0.0652961	0.00941322	52.1739	47.8437	-3.91424	0.79989
160	0.0654308	0.0107219	52.1375	47.8688	-3.89341	0.908795
180	0.0654593	0.0120308	52.1058	47.8934	-3.87301	1.01719
200	0.0654578	0.0133397	52.0885	47.9088	-3.85304	1.12509
220	0.0654569	0.0146487	52.0782	47.9192	-3.83349	1.23249
240	0.0654606	0.0159579	52.0694	47.9283	-3.81432	1.33941
260	0.0654666	0.0172672	52.0606	47.9373	-3.79554	1.44587
280	0.0654731	0.0185766	52.0516	47.9464	-3.77714	1.55187
300	0.0654794	0.0198861	52.0426	47.9555	-3.75909	1.65742
320	0.0654854	0.0211958	52.0338	47.9643	-3.74139	1.76253
340	0.0654912	0.0225055	52.0251	47.973	-3.72402	1.86722
360	0.065497	0.0238154	52.0166	47.9816	-3.70698	1.97148
380	0.0655026	0.0251254	52.0083	47.9899	-3.69026	2.07533
400	0.0655081	0.0264355	52.0001	47.9982	-3.67384	2.17877
420	0.0655136	0.0277457	51.9921	48.0062	-3.65772	2.28182
440	0.0655189	0.029056	51.9842	48.0142	-3.6419	2.38448
460	0.0655242	0.0303665	51.9764	48.022	-3.62635	2.48676
480	0.0655293	0.031677	51.9688	48.0296	-3.61107	2.58867
500	0.0655344	0.0329876	51.9613	48.0371	-3.59606	2.69021
520	0.0655393	0.0342984	51.954	48.0445	-3.5813	2.79139
540	0.0655442	0.0356092	51.9468	48.0518	-3.56679	2.89222
560	0.0655491	0.0369202	51.9397	48.0589	-3.55253	2.9927
580	0.0655538	0.0382312	51.9327	48.0659	-3.5385	3.09284
600	0.0655584	0.0395423	51.9258	48.0728	-3.5247	3.19265
620	0.065563	0.0408535	51.919	48.0796	-3.51113	3.29212
640	0.0655675	0.0421648	51.9124	48.0863	-3.49777	3.39128
660	0.065572	0.0434762	51.9058	48.0929	-3.48463	3.49012
680	0.0655763	0.0447877	51.8994	48.0994	-3.47169	3.58865
700	0.0655806	0.0460993	51.893	48.1057	-3.45895	3.68688
720	0.0655848	0.0474109	51.8868	48.112	-3.44641	3.7848
740	0.065589	0.0487227	51.8806	48.1182	-3.43405	3.88243
760	0.0655931	0.0500345	51.8746	48.1243	-3.42189	3.97977
780	0.0655972	0.0513464	51.8686	48.1303	-3.4099	4.07683
800	0.0656011	0.0526584	51.8627	48.1362	-3.39809	4.1736
820	0.0656051	0.0539704	51.8569	48.142	-3.38645	4.2701
840	0.0656089	0.0552826	51.8512	48.1478	-3.37498	4.36633
860	0.0656128	0.0565948	51.8455	48.1534	-3.36368	4.46229
880	0.0656165	0.0579071	51.84	48.159	-3.35253	4.55799
900	0.0656202	0.0592195	51.8345	48.1645	-3.34154	4.65343
920	0.0656239	0.0605319	51.8291	48.1699	-3.33071	4.74862
940	0.0656275	0.0618444	51.8238	48.1753	-3.32002	4.84356
960	0.065631	0.063157	51.8185	48.1805	-3.30947	4.93825
980	0.0656345	0.0644696	51.8133	48.1857	-3.29907	5.0327
1000	0.065638	0.0657824	51.8082	48.1909	-3.28881	5.12691
1020	0.0656414	0.0670952	51.8032	48.1959	-3.27868	5.22089
1040	0.0656448	0.068408	51.7982	48.2009	-3.26869	5.31464
1060	0.0656481	0.069721	51.7933	48.2059	-3.25883	5.40815
1080	0.0656514	0.071034	51.7884	48.2108	-3.24909	5.50145
1100	0.0656547	0.072347	51.7836	48.2156	-3.23947	5.59452
1120	0.0656579	0.0736601	51.7789	48.2203	-3.22998	5.68738
1140	0.065661	0.0749733	51.7742	48.225	-3.22061	5.78002
1160	0.0656641	0.0762866	51.7696	48.2296	-3.21135	5.87245
1180	0.0656672	0.0775999	51.7651	48.2342	-3.2022	5.96468
1200	0.0656703	0.0789133	51.7605	48.2387	-3.19317	6.0567
1220	0.0656733	0.0802267	51.7561	48.2432	-3.18424	6.14852
1240	0.0656763	0.0815402	51.7517	48.2476	-3.17542	6.24013
1260	0.0656792	0.0828538	51.7474	48.252	-3.16671	6.33156
1280	0.0656821	0.0841674	51.7431	48.2563	-3.1581	6.42279
1300	0.065685	0.085481	51.7388	48.2605	-3.14958	6.51382
1320	0.0656878	0.0867948	51.7346	48.2647	-3.14117	6.60468
1340	0.0656906	0.0881086	51.7305	48.2689	-3.13285	6.69534
1360	0.0656934	0.0894224	51.7264	48.273	-3.12463	6.78583
1380	0.0656962	0.0907363	51.7223	48.2771	-3.11649	6.87613
1400	0.0656989	0.0920502	51.7183	48.2811	-3.10845	6.96625
1420	0.0657016	0.0933642	51.7143	48.2851	-3.1005	7.05621
1440	0.0657042	0.0946783	51.7104	48.289	-3.09263	7.14598
1460	0.0657068	0.0959924	51.7065	48.2929	-3.08484	7.23559
1480	0.0657094	0.0973066	51.7027	48.2967	-3.07715	7.32503
1500	0.065712	0.0986208	51.6989	48.3006	-3.06953	7.4143
1520	0.0657146	0.0999351	51.6951	48.3043	-3.06199	7.50341
1540	0.0657171	0.101249	51.6914	48.3081	-3.05453	7.59236
1560	0.0657196	0.102564	51.6877	48.3117	-3.04715	7.68115
1580	0.065722	0.103878	51.6841	48.3154	-3.03984	7.76979
1600	0.0657245	0.105193	51.6805	48.319	-3.03261	7.85826
1620	0.0657269	0.106507	51.6769	48.3226	-3.02545	7.94659
1640	0.0657293	0.107822	51.6734	48.3261	-3.01836	8.03476
1660	0.0657317	0.109136	51.6699	48.3296	-3.01135	8.12278
1680	0.065734	0.110451	51.6664	48.3331	-3.0044	8.21066
1700	0.0657363	0.111766	51.663	48.3366	-2.99752	8.29839
1720	0.0657386	0.11308	51.6596	48.34	-2.9907	8.38598
1740	0.0657409	0.114395	51.6562	48.3433	-2.98395	8.47343
1760	0.0657432	0.11571	51.6529	48.3467	-2.97727	8.56073
1780	0.0657454	0.117025	51.6496	48.35	-2.97065	8.6479
1800	0.0657476	0.11834	51.6463	48.3533	-2.96409	8.73493
1820	0.0657498	0.119655	51.6431	48.3565	-2.95759	8.82183
1840	0.065752	0.12097	51.6399	48.3597	-2.95115	8.9086
1860	0.0657541	0.122285	51.6367	48.3629	-2.94477	8.99523
1880	0.0657563	0.1236	51.6335	48.3661	-2.93844	9.08173
1900	0.0657584	0.124915	51.6304	48.3692	-2.93217	9.16811
1920	0.0657605	0.12623	51.6273	48.3723	-2.92596	9.25436
1940	0.0657626	0.127546	51.6242	48.3754	-2.9198	9.34048
1960	0.0657646	0.128861	51.6212	48.3785	-2.9137	9.42648
1980	0.0657667	0.130176	51.6182	48.3815	-2.90765	9.51236
2000	0.0657687	0.131492	51.6152	48.3845	-2.90165	9.59812
2019	0.0657707	0.132807	51.6122	48.3875	-2.8957	9.68376
2039	0.0657727	0.134122	51.6093	48.3904	-2.88981	9.76928
2059	0.0657747	0.135438	51.6064	48.3933	-2.88396	9.85468
2079	0.0657766	0.136753	51.6035	48.3962	-2.87816	9.93997
2099	0.0657786	0.138069	51.6006	48.3991	-2.8724	10.0251
2119	0.0657805	0.139384	51.5977	48.402	-2.8667	10.1102
2139	0.0657824	0.1407	51.5949	48.4048	-2.86104	10.1952
2159	0.0657843	0.142016	51.5921	48.4076	-2.85543	10.28
2179	0.0657862	0.143331	51.5893	48.4104	-2.84986	10.3647
2199	0.065788	0.144647	51.5866	48.4131	-2.84433	10.4494
2219	0.0657899	0.145963	51.5839	48.4159	-2.83885	10.5339
2239	0.0657917	0.147279	51.5811	48.4186	-2.83341	10.6183
2259	0.0657935	0.148595	51.5785	48.4213	-2.82801	10.7026
2279	0.0657954	0.149911	51.5758	48.424	-2.82266	10.7868
2299	0.0657972	0.151226	51.5731	48.4266	-2.81734	10.871
2319	0.0657989	0.152542	51.5705	48.4293	-2.81206	10.955
2339	0.0658007	0.153858	51.5679	48.4319	-2.80683	11.0389
2359	0.0658025	0.155174	51.5653	48.4345	-2.80163	11.1227
2379	0.0658042	0.156491	51.5627	48.4371	-2.79647	11.2064
2399	0.0658059	0.157807	51.5602	48.4396	-2.79135	11.29
2419	0.0658076	0.159123	51.5576	48.4422	-2.78626	11.3736
2439	0.0658094	0.160439	51.5551	48.4447	-2.78121	11.457
2459	0.065811	0.161755	51.5526	48.4472	-2.7762	11.5404
2479	0.0658127	0.163071	51.5501	48.4497	-2.77122	11.6236
2499	0.0658144	0.164388	51.5477	48.4521	-2.76627	11.7068
2519	0.0658161	0.165704	51.5452	48.4546	-2.76137	11.7898
2539	0.0658177	0.16702	51.5428	48.457	-2.75649	11.8728
2559	0.0658193	0.168337	51.5404	48.4595	-2.75165	11.9557
2579	0.065821	0.169653	51.538	48.4619	-2.74684	12.0385
2599	0.0658226	0.17097	51.5356	48.4642	-2.74206	12.1213
2619	0.0658242	0.172286	51.5332	48.4666	-2.73731	12.2039
2639	0.0658258	0.173602	51.5309	48.469	-2.7326	12.2865
2659	0.0658274	0.174919	51.5285	48.4713	-2.72791	12.369
2679	0.0658289	0.176236	51.5262	48.4736	-2.72326	12.4514
2699	0.0658305	0.177552	51.5239	48.476	-2.71863	12.5337
2719	0.065832	0.178869	51.5216	48.4782	-2.71404	12.6159
2739	0.0658336	0.180185	51.5193	48.4805	-2.70947	12.6981
2759	0.0658351	0.181502	51.5171	48.4828	-2.70493	12.7801
2779	0.0658366	0.182819	51.5148	48.485	-2.70042	12.8621
2799	0.0658382	0.184136	51.5126	48.4873	-2.69594	12.9441
2819	0.0658397	0.185452	51.5103	48.4895	-2.69149	13.0259
2839	0.0658412	0.186769	51.5081	48.4917	-2.68706	13.1077
2859	0.0658426	0.188086	51.5059	48.4939	-2.68266	13.1894
2879	0.0658441	0.189403	51.5038	48.4961	-2.67828	13.271
2899	0.0658456	0.19072	51.5016	48.4983	-2.67393	13.3526
2919	0.065847	0.192037	51.4994	48.5004	-2.66961	13.4341
2939	0.0658485	0.193354	51.4973	48.5026	-2.66531	13.5155
2959	0.0658499	0.194671	51.4952	48.5047	-2.66104	13.5968
2979	0.0658514	0.195988	51.493	48.5069	-2.65679	13.6781
2999	0.0658528	0.197305	51.4909	48.509	-2.65256	13.7593
3019	0.0658542	0.198622	51.4888	48.5111	-2.64836	13.8404
3039	0.0658556	0.199939	51.4867	48.5132	-2.64418	13.9215
3059	0.065857	0.201256	51.4847	48.5152	-2.64002	14.0025
3079	0.0658584	0.202573	51.4826	48.5173	-2.63589	14.0834
3099	0.0658598	0.20389	51.4806	48.5193	-2.63178	14.1643
3119	0.0658612	0.205208	51.4785	48.5214	-2.62769	14.2451
3139	0.0658626	0.206525	51.4765	48.5234	-2.62362	14.3259
3159	0.0658639	0.207842	51.4745	48.5254	-2.61958	14.4065
3179	0.0658653	0.209159	51.4725	48.5275	-2.61555	14.4872
3199	0.0658667	0.210477	51.4705	48.5295	-2.61155	14.5677
3219	0.065868	0.211794	51.4685	48.5314	-2.60757	14.6482
3239	0.0658693	0.213111	51.4665	48.5334	-2.6036	14.7286
3259	0.0658707	0.214429	51.4645	48.5354	-2.59966	14.809
3279	0.065872	0.215746	51.4626	48.5374	-2.59574	14.8893
3299	0.0658733	0.217064	51.4606	48.5393	-2.59183	14.9696
3319	0.0658746	0.218381	51.4587	48.5412	-2.58795	15.0498
3339	0.0658759	0.219699	51.4568	48.5432	-2.58408	15.1299
3359	0.0658772	0.221016	51.4548	48.5451	-2.58024	15.21
3379	0.0658785	0.222334	51.4529	48.547	-2.57641	15.2901
3399	0.0658798	0.223651	51.451	48.5489	-2.5726	15.37
3419	0.0658811	0.224969	51.4491	48.5508	-2.56881	15.4499
3439	0.0658824	0.226287	51.4473	48.5527	-2.56503	15.5298
3459	0.0658836	0.227604	51.4454	48.5546	-2.56127	15.6096
3479	0.0658849	0.228922	51.4435	48.5564	-2.55753	15.6894
3499	0.0658862	0.23024	51.4417	48.5583	-2.55381	15.7691
3519	0.0658874	0.231557	51.4398	48.5601	-2.55011	15.8487
3539	0.0658887	0.232875	51.438	48.562	-2.54642	15.9283
3559	0.0658899	0.234193	51.4361	48.5638	-2.54274	16.0079
3579	0.0658911	0.235511	51.4343	48.5657	-2.53909	16.0874
3599	0.0658924	0.236829	51.4325	48.5675	-2.53544	16.1668
3619	0.0658936	0.238146	51.4307	48.5693	-2.53182	16.2462
3639	0.0658948	0.239464	51.4289	48.5711	-2.52821	16.3256
3659	0.065896	0.240782	51.4271	48.5729	-2.52461	16.4049
3679	0.0658972	0.2421	51.4253	48.5747	-2.52103	16.4841
3699	0.0658984	0.243418	51.4235	48.5765	-2.51747	16.5633
3719	0.0658996	0.244736	51.4218	48.5782	-2.51392	16.6425
3739	0.0659008	0.246054	51.42	48.58	-2.51038	16.7216
3759	0.065902	0.247372	51.4182	48.5818	-2.50686	16.8007
3779	0.0659032	0.24869	51.4165	48.5835	-2.50335	16.8797
3799	0.0659044	0.250008	51.4147	48.5852	-2.49986	16.9587
3819	0.0659056	0.251326	51.413	48.587	-2.49638	17.0376
3839	0.0659067	0.252644	51.4113	48.5887	-2.49291	17.1165
3859	0.0659079	0.253963	51.4096	48.5904	-2.48946	17.1953
3879	0.0659091	0.255281	51.4078	48.5922	-2.48602	17.2741
3899	0.0659102	0.256599	51.4061	48.5939	-2.4826	17.3529
3919	0.0659114	0.257917	51.4044	48.5956	-2.47918	17.4316
3939	0.0659125	0.259235	51.4027	48.5973	-2.47578	17.5103
3959	0.0659137	0.260554	51.401	48.599	-2.47239	17.5889
3979	0.0659148	0.261872	51.3994	48.6007	-2.46902	17.6675
3999	0.0659159	0.26319	51.3977	48.6023	-2.46565	17.7461
4019	0.0659171	0.264509	51.396	48.604	-2.4623	17.8246
4039	0.0659182	0.265827	51.3943	48.6057	-2.45896	17.903
4059	0.0659193	0.267145	51.3927	48.6073	-2.45563	17.9815
4079	0.0659204	0.268464	51.391	48.609	-2.45232	18.0599
4099	0.0659216	0.269782	51.3894	48.6107	-2.44901	18.1382
4119	0.0659227	0.271101	51.3877	48.6123	-2.44572	18.2165
4139	0.0659238	0.272419	51.3861	48.6139	-2.44243	18.2948
4159	0.0659249	0.273738	51.3845	48.6156	-2.43916	18.373
4179	0.065926	0.275056	51.3828	48.6172	-2.4359	18.4512
4199	0.0659271	0.276375	51.3812	48.6188	-2.43265	18.5294
4219	0.0659282	0.277693	51.3796	48.6204	-2.42941	18.6075
4239	0.0659293	0.279012	51.378	48.6221	-2.42618	18.6856
4259	0.0659304	0.28033	51.3764	48.6237	-2.42296	18.7637
4279	0.0659314	0.281649	51.3748	48.6253	-2.41975	18.8417
4299	0.0659325	0.282968	51.3732	48.6269	-2.41655	18.9197
4319	0.0659336	0.284286	51.3716	48.6285	-2.41337	18.9977
4339	0.0659347	0.285605	51.37	48.63	-2.41019	19.0756
4359	0.0659357	0.286924	51.3684	48.6316	-2.40702	19.1535
4379	0.0659368	0.288242	51.3669	48.6332	-2.40386	19.2313
4399	0.0659379	0.289561	51.3653	48.6348	-2.40071	19.3091
4419	0.0659389	0.29088	51.3637	48.6363	-2.39756	19.3869
4439	0.06594	0.292199	51.3621	48.6379	-2.39443	19.4647
4459	0.065941	0.293517	51.3606	48.6395	-2.39131	19.5424
4479	0.0659421	0.294836	51.359	48.641	-2.3882	19.6201
4499	0.0659432	0.296155	51.3575	48.6426	-2.38509	19.6978
4519	0.0659442	0.297474	51.3559	48.6441	-2.38199	19.7754
4539	0.0659452	0.298793	51.3544	48.6457	-2.3789	19.853
4559	0.0659463	0.300112	51.3529	48.6472	-2.37582	19.9306
4579	0.0659473	0.301431	51.3513	48.6487	-2.37275	20.0081
4599	0.0659484	0.30275	51.3498	48.6503	-2.36969	20.0856
4619	0.0659494	0.304069	51.3483	48.6518	-2.36664	20.1631
4639	0.0659504	0.305388	51.3468	48.6533	-2.36359	20.2405
4659	0.0659514	0.306707	51.3452	48.6548	-2.36055	20.318
4679	0.0659525	0.308026	51.3437	48.6563	-2.35752	20.3954
4699	0.0659535	0.309345	51.3422	48.6579	-2.35449	20.4727
4719	0.0659545	0.310664	51.3407	48.6594	-2.35148	20.5501
4739	0.0659555	0.311983	51.3392	48.6609	-2.34847	20.6274
4759	0.0659565	0.313302	51.3377	48.6624	-2.34547	20.7047
4779	0.0659575	0.314621	51.3362	48.6639	-2.34248	20.7819
4799	0.0659586	0.31594	51.3347	48.6654	-2.33949	20.8592
4819	0.0659596	0.31726	51.3333	48.6668	-2.33651	20.9364
4839	0.0659606	0.318579	51.3318	48.6683	-2.33354	21.0136
4859	0.0659616	0.319898	51.3303	48.6698	-2.33057	21.0907
4879	0.0659626	0.321217	51.3288	48.6713	-2.32761	21.1678
4899	0.0659636	0.322537	51.3273	48.6728	-2.32466	21.2449
4919	0.0659646	0.323856	51.3259	48.6742	-2.32172	21.322
4939	0.0659656	0.325175	51.3244	48.6757	-2.31878	21.3991
4959	0.0659665	0.326494	51.3229	48.6772	-2.31584	21.4761
4979	0.0659675	0.327814	51.3215	48.6786	-2.31292	21.5531
4999	0.0659685	0.329133	51.32	48.6801	-2.31	21.6301
5019	0.0659695	0.330453	51.3186	48.6815	-2.30709	21.7071
5039	0.0659705	0.331772	51.3171	48.683	-2.30418	21.784
5059	0.0659715	0.333091	51.3157	48.6844	-2.30128	21.8609
5079	0.0659724	0.334411	51.3142	48.6859	-2.29838	21.9378
5099	0.0659734	0.33573	51.3128	48.6873	-2.29549	22.0147
5119	0.0659744	0.33705	51.3113	48.6888	-2.29261	22.0915
5139	0.0659754	0.338369	51.3099	48.6902	-2.28973	22.1684
5159	0.0659763	0.339689	51.3085	48.6916	-2.28686	22.2452
5179	0.0659773	0.341008	51.307	48.6931	-2.28399	22.322
5199	0.0659783	0.342328	51.3056	48.6945	-2.28113	22.3987
5219	0.0659792	0.343647	51.3042	48.6959	-2.27828	22.4755
5239	0.0659802	0.344967	51.3028	48.6974	-2.27543	22.5522
5259	0.0659812	0.346287	51.3014	48.6988	-2.27258	22.6289
5279	0.0659821	0.347606	51.2999	48.7002	-2.26974	22.7056
5299	0.0659831	0.348926	51.2985	48.7016	-2.26691	22.7823
5319	0.065984	0.350246	51.2971	48.703	-2.26408	22.8589
5339	0.065985	0.351565	51.2957	48.7044	-2.26125	22.9355
5359	0.0659859	0.352885	51.2943	48.7058	-2.25843	23.0121
5379	0.0659869	0.354205	51.2929	48.7072	-2.25562	23.0887
5399	0.0659878	0.355524	51.2915	48.7086	-2.25281	23.1653
5419	0.0659888	0.356844	51.2901	48.7101	-2.25	23.2419
5439	0.0659897	0.358164	51.2887	48.7114	-2.2472	23.3184
5459	0.0659907	0.359484	51.2873	48.7128	-2.2444	23.3949
5479	0.0659916	0.360804	51.2859	48.7142	-2.24161	23.4714
5499	0.0659926	0.362123	51.2845	48.7156	-2.23882	23.5479
5519	0.0659935	0.363443	51.2831	48.717	-2.23604	23.6244
5539	0.0659944	0.364763	51.2817	48.7184	-2.23326	23.7008
5559	0.0659954	0.366083	51.2804	48.7198	-2.23049	23.7772
5579	0.0659963	0.367403	51.279	48.7212	-2.22772	23.8537
5599	0.0659972	0.368723	51.2776	48.7226	-2.22495	23.9301
5619	0.0659982	0.370043	51.2762	48.7239	-2.22219	24.0064
5639	0.0659991	0.371363	51.2748	48.7253	-2.21943	24.0828
5659	0.066	0.372683	51.2735	48.7267	-2.21667	24.1592
5679	0.066001	0.374003	51.2721	48.7281	-2.21392	24.2355
5699	0.0660019	0.375323	51.2707	48.7294	-2.21118	24.3118
5719	0.0660028	0.376643	51.2694	48.7308	-2.20843	24.3881
5739	0.0660038	0.377963	51.268	48.7322	-2.20569	24.4644
5759	0.0660047	0.379283	51.2666	48.7335	-2.20296	24.5407
5779	0.0660056	0.380603	51.2653	48.7349	-2.20023	24.617
5799	0.0660065	0.381923	51.2639	48.7363	-2.1975	24.6932
5819	0.0660074	0.383243	51.2625	48.7376	-2.19477	24.7695
5839	0.0660084	0.384564	51.2612	48.739	-2.19205	24.8457
5859	0.0660093	0.385884	51.2598	48.7404	-2.18933	24.9219
5879	0.0660102	0.387204	51.2585	48.7417	-2.18662	24.9981
5899	0.0660111	0.388524	51.2571	48.7431	-2.1839	25.0743
5919	0.066012	0.389844	51.2558	48.7444	-2.1812	25.1505
5939	0.0660129	0.391165	51.2544	48.7458	-2.17849	25.2266
5959	0.0660139	0.392485	51.2531	48.7471	-2.17579	25.3028
5979	0.0660148	0.393805	51.2517	48.7485	-2.17309	25.3789
5999	0.0660157	0.395126	51.2504	48.7498	-2.17039	25.455
6019	0.0660166	0.396446	51.249	48.7512	-2.1677	25.5311
6039	0.0660175	0.397766	51.2477	48.7525	-2.16501	25.6072
6059	0.0660184	0.399087	51.2463	48.7538	-2.16232	25.6833
6079	0.0660193	0.400407	51.245	48.7552	-2.15963	25.7594
6099	0.0660202	0.401727	51.2437	48.7565	-2.15695	25.8355
6119	0.0660211	0.403048	51.2423	48.7579	-2.15427	25.9115
6139	0.066022	0.404368	51.241	48.7592	-2.15159	25.9876
6159	0.0660229	0.405689	51.2397	48.7605	-2.14892	26.0636
6179	0.0660238	0.407009	51.2383	48.7619	-2.14625	26.1397
6199	0.0660247	0.40833	51.237	48.7632	-2.14358	26.2157
6219	0.0660256	0.40965	51.2357	48.7645	-2.14091	26.2917
6239	0.0660265	0.410971	51.2343	48.7659	-2.13824	26.3677
6259	0.0660274	0.412291	51.233	48.7672	-2.13558	26.4437
6279	0.0660283	0.413612	51.2317	48.7685	-2.13292	26.5196
6299	0.0660292	0.414932	51.2304	48.7699	-2.13026	26.5956
6319	0.0660301	0.416253	51.229	48.7712	-2.12761	26.6716
6339	0.066031	0.417573	51.2277	48.7725	-2.12495	26.7475
6359	0.0660319	0.418894	51.2264	48.7738	-2.1223	26.8235
6379	0.0660328	0.420215	51.2251	48.7752	-2.11965	26.8994
6399	0.0660337	0.421535	51.2237	48.7765	-2.117	26.9753
6419	0.0660346	0.422856	51.2224	48.7778	-2.11436	27.0513
6439	0.0660355	0.424177	51.2211	48.7791	-2.11171	27.1272
6459	0.0660364	0.425498	51.2198	48.7804	-2.10907	27.2031
6479	0.0660373	0.426818	51.2185	48.7818	-2.10643	27.279
6499	0.0660382	0.428139	51.2171	48.7831	-2.10379	27.3549
6519	0.0660391	0.42946	51.2158	48.7844	-2.10116	27.4307
6539	0.0660399	0.430781	51.2145	48.7857	-2.09852	27.5066
6559	0.0660408	0.432101	51.2132	48.787	-2.09589	27.5825
6579	0.0660417	0.433422	51.2119	48.7883	-2.09326	27.6583
6599	0.0660426	0.434743	51.2106	48.7896	-2.09063	27.7342
6619	0.0660435	0.436064	51.2093	48.791	-2.088	27.81
6639	0.0660444	0.437385	51.208	48.7923	-2.08538	27.8859
6659	0.0660453	0.438706	51.2066	48.7936	-2.08275	27.9617
6679	0.0660462	0.440027	51.2053	48.7949	-2.08013	28.0376
6699	0.066047	0.441348	51.204	48.7962	-2.0775	28.1134
6719	0.0660479	0.442668	51.2027	48.7975	-2.07488	28.1892
6739	0.0660488	0.443989	51.2014	48.7988	-2.07226	28.265
6759	0.0660497	0.44531	51.2001	48.8001	-2.06965	28.3408
6779	0.0660506	0.446631	51.1988	48.8014	-2.06703	28.4166
6799	0.0660515	0.447952	51.1975	48.8027	-2.06441	28.4924
6819	0.0660524	0.449273	51.1962	48.804	-2.0618	28.5682
6839	0.0660532	0.450595	51.1949	48.8054	-2.05919	28.644
6859	0.0660541	0.451916	51.1936	48.8067	-2.05657	28.7198
6879	0.066055	0.453237	51.1923	48.808	-2.05396	28.7956
6899	0.0660559	0.454558	51.191	48.8093	-2.05135	28.8714
6919	0.0660568	0.455879	51.1897	48.8106	-2.04874	28.9471
6939	0.0660576	0.4572	51.1884	48.8119	-2.04614	29.0229
6959	0.0660585	0.458521	51.1871	48.8132	-2.04353	29.0987
6979	0.0660594	0.459842	51.1858	48.8145	-2.04092	29.1744
6999	0.0660603	0.461164	51.1845	48.8158	-2.03832	29.2502
7019	0.0660612	0.462485	51.1832	48.8171	-2.03571	29.326
7039	0.066062	0.463806	51.1819	48.8184	-2.03311	29.4017
7059	0.0660629	0.465127	51.1806	48.8197	-2.03051	29.4775
7079	0.0660638	0.466449	51.1793	48.821	-2.02791	29.5532
7099	0.0660647	0.46777	51.178	48.8223	-2.0253	29.629
7119	0.0660656	0.469091	51.1767	48.8236	-2.0227	29.7047
7139	0.0660664	0.470413	51.1754	48.8249	-2.0201	29.7805
7159	0.0660673	0.471734	51.1741	48.8262	-2.0175	29.8562
7179	0.0660682	0.473055	51.1728	48.8275	-2.01491	29.9319
7199	0.0660691	0.474377	51.1715	48.8288	-2.01231	30.0077
7219	0.0660699	0.475698	51.1702	48.8301	-2.00971	30.0834
7239	0.0660708	0.477019	51.1689	48.8314	-2.00711	30.1591
7259	0.0660717	0.478341	51.1676	48.8327	-2.00452	30.2349
7279	0.0660726	0.479662	51.1663	48.834	-2.00192	30.3106
7299	0.0660734	0.480984	51.165	48.8353	-1.99932	30.3863
7319	0.0660743	0.482305	51.1637	48.8365	-1.99673	30.4621
7339	0.0660752	0.483627	51.1624	48.8378	-1.99413	30.5378
7359	0.0660761	0.484948	51.1611	48.8391	-1.99154	30.6135
7379	0.066077	0.48627	51.1599	48.8404	-1.98894	30.6892
7399	0.0660778	0.487591	51.1586	48.8417	-1.98635	30.765
7419	0.0660787	0.488913	51.1573	48.843	-1.98376	30.8407
7439	0.0660796	0.490234	51.156	48.8443	-1.98116	30.9164
7459	0.0660805	0.491556	51.1547	48.8456	-1.97857	30.9921
7479	0.0660813	0.492878	51.1534	48.8469	-1.97597	31.0679
7499	0.0660822	0.494199	51.1521	48.8482	-1.97338	31.1436
7519	0.0660831	0.495521	51.1508	48.8495	-1.97079	31.2193
7539	0.066084	0.496843	51.1495	48.8508	-1.96819	31.295
7559	0.0660848	0.498164	51.1482	48.8521	-1.9656	31.3708
7579	0.0660857	0.499486	51.1469	48.8534	-1.96301	31.4465
7599	0.0660866	0.500808	51.1456	48.8547	-1.96042	31.5222
7619	0.0660875	0.502129	51.1443	48.856	-1.95782	31.598
7639	0.0660883	0.503451	51.143	48.8573	-1.95523	31.6737
7659	0.0660892	0.504773	51.1417	48.8586	-1.95264	31.7494
7679	0.0660901	0.506095	51.1404	48.8599	-1.95004	31.8252
7699	0.066091	0.507417	51.1392	48.8612	-1.94745	31.9009
7719	0.0660918	0.508738	51.1379	48.8625	-1.94485	31.9766
7739	0.0660927	0.51006	51.1366	48.8638	-1.94226	32.0524
7759	0.0660936	0.511382	51.1353	48.865	-1.93967	32.1281
7779	0.0660945	0.512704	51.134	48.8663	-1.93707	32.2038
7799	0.0660953	0.514026	51.1327	48.8676	-1.93448	32.2796
7819	0.0660962	0.515348	51.1314	48.8689	-1.93188	32.3553
7839	0.0660971	0.51667	51.1301	48.8702	-1.92929	32.4311
7859	0.066098	0.517992	51.1288	48.8715	-1.92669	32.5068
7879	0.0660988	0.519314	51.1275	48.8728	-1.92409	32.5826
7899	0.0660997	0.520636	51.1262	48.8741	-1.9215	32.6584
7919	0.0661006	0.521958	51.1249	48.8754	-1.9189	32.7341
7939	0.0661015	0.52328	51.1236	48.8767	-1.9163	32.8099
7959	0.0661024	0.524602	51.1223	48.878	-1.9137	32.8857
7979	0.0661032	0.525924	51.121	48.8793	-1.9111	32.9614
7999	0.0661041	0.527246	51.1197	48.8806	-1.90851	33.0372
8019	0.066105	0.528568	51.1184	48.8819	-1.90591	33.113
8039	0.0661059	0.52989	51.1171	48.8832	-1.90331	33.1888
8059	0.0661067	0.531212	51.1158	48.8845	-1.9007	33.2646
8079	0.0661076	0.532534	51.1145	48.8858	-1.8981	33.3403
8099	0.0661085	0.533856	51.1132	48.8871	-1.8955	33.4161
8119	0.0661094	0.535179	51.1119	48.8884	-1.8929	33.4919
8139	0.0661103	0.536501	51.1106	48.8897	-1.89029	33.5677
8159	0.0661111	0.537823	51.1093	48.891	-1.88769	33.6435
8179	0.066112	0.539145	51.108	48.8923	-1.88508	33.7194
8199	0.0661129	0.540468	51.1067	48.8936	-1.88248	33.7952
8219	0.0661138	0.54179	51.1054	48.8949	-1.87987	33.871
8239	0.0661147	0.543112	51.1041	48.8962	-1.87726	33.9468
8259	0.0661155	0.544434	51.1028	48.8975	-1.87466	34.0227
8279	0.0661164	0.545757	51.1015	48.8988	-1.87205	34.0985
8299	0.0661173	0.547079	51.1002	48.9001	-1.86944	34.1743
8319	0.0661182	0.548401	51.0989	48.9014	-1.86683	34.2502
8339	0.0661191	0.549724	51.0976	48.9027	-1.86421	34.326
8359	0.0661199	0.551046	51.0963	48.904	-1.8616	34.4019
8379	0.0661208	0.552369	51.095	48.9053	-1.85899	34.4778
8399	0.0661217	0.553691	51.0937	48.9067	-1.85637	34.5536
8419	0.0661226	0.555013	51.0924	48.908	-1.85376	34.6295
8439	0.0661235	0.556336	51.0911	48.9093	-1.85114	34.7054
8459	0.0661244	0.557658	51.0898	48.9106	-1.84852	34.7813
8479	0.0661252	0.558981	51.0885	48.9119	-1.8459	34.8572
8499	0.0661261	0.560303	51.0872	48.9132	-1.84328	34.9331
8519	0.066127	0.561626	51.0859	48.9145	-1.84066	35.009
8539	0.0661279	0.562948	51.0846	48.9158	-1.83804	35.0849
8559	0.0661288	0.564271	51.0833	48.9171	-1.83542	35.1608
8579	0.0661297	0.565594	51.082	48.9184	-1.83279	35.2368
8599	0.0661305	0.566916	51.0807	48.9197	-1.83017	35.3127
8619	0.0661314	0.568239	51.0793	48.9211	-1.82754	35.3886
8639	0.0661323	0.569561	51.078	48.9224	-1.82491	35.4646
8659	0.0661332	0.570884	51.0767	48.9237	-1.82228	35.5405
8679	0.0661341	0.572207	51.0754	48.925	-1.81965	35.6165
8699	0.066135	0.573529	51.0741	48.9263	-1.81702	35.6925
8719	0.0661359	0.574852	51.0728	48.9276	-1.81438	35.7685
8739	0.0661368	0.576175	51.0715	48.9289	-1.81175	35.8445
8759	0.0661377	0.577498	51.0701	48.9303	-1.80911	35.9204
8779	0.0661385	0.57882	51.0688	48.9316	-1.80648	35.9965
8799	0.0661394	0.580143	51.0675	48.9329	-1.80384	36.0725
8819	0.0661403	0.581466	51.0662	48.9342	-1.8012	36.1485
8839	0.0661412	0.582789	51.0649	48.9355	-1.79856	36.2245
8859	0.0661421	0.584112	51.0636	48.9369	-1.79591	36.3006
8879	0.066143	0.585435	51.0622	48.9382	-1.79327	36.3766
8899	0.0661439	0.586757	51.0609	48.9395	-1.79062	36.4527
8919	0.0661448	0.58808	51.0596	48.9408	-1.78797	36.5287
8939	0.0661457	0.589403	51.0583	48.9421	-1.78532	36.6048
8959	0.0661466	0.590726	51.057	48.9435	-1.78267	36.6809
8979	0.0661475	0.592049	51.0556	48.9448	-1.78002	36.757
8999	0.0661484	0.593372	51.0543	48.9461	-1.77737	36.8331
9019	0.0661493	0.594695	51.053	48.9474	-1.77471	36.9092
9039	0.0661502	0.596018	51.0517	48.9488	-1.77205	36.9853
9059	0.0661511	0.597341	51.0503	48.9501	-1.76939	37.0614
9079	0.066152	0.598664	51.049	48.9514	-1.76673	37.1376
9099	0.0661529	0.599987	51.0477	48.9528	-1.76407	37.2137
9119	0.0661537	0.60131	51.0464	48.9541	-1.76141	37.2899
9139	0.0661546	0.602633	51.045	48.9554	-1.75874	37.366
9159	0.0661555	0.603956	51.0437	48.9568	-1.75607	37.4422
9179	0.0661564	0.605279	51.0424	48.9581	-1.7534	37.5184
9199	0.0661574	0.606603	51.041	48.9594	-1.75073	37.5946
9219	0.0661583	0.607926	51.0397	48.9608	-1.74806	37.6708
9239	0.0661592	0.609249	51.0384	48.9621	-1.74539	37.747
9259	0.0661601	0.610572	51.037	48.9634	-1.74271	37.8233
9279	0.066161	0.611895	51.0357	48.9648	-1.74003	37.8995
9299	0.0661619	0.613219	51.0344	48.9661	-1.73735	37.9758
9319	0.0661628	0.614542	51.033	48.9674	-1.73467	38.052
9339	0.0661637	0.615865	51.0317	48.9688	-1.73198	38.1283
9359	0.0661646	0.617188	51.0303	48.9701	-1.7293	38.2046
9379	0.0661655	0.618512	51.029	48.9715	-1.72661	38.2809
9399	0.0661664	0.619835	51.0277	48.9728	-1.72392	38.3572
9419	0.0661673	0.621158	51.0263	48.9742	-1.72123	38.4335
9439	0.0661682	0.622482	51.025	48.9755	-1.71854	38.5098
9459	0.0661691	0.623805	51.0236	48.9768	-1.71584	38.5862
9479	0.06617	0.625128	51.0223	48.9782	-1.71314	38.6625
9499	0.0661709	0.626452	51.0209	48.9795	-1.71044	38.7389
9519	0.0661719	0.627775	51.0196	48.9809	-1.70774	38.8153
9539	0.0661728	0.629099	51.0182	48.9822	-1.70504	38.8917
9559	0.0661737	0.630422	51.0169	48.9836	-1.70233	38.9681
9579	0.0661746	0.631746	51.0155	48.985	-1.69962	39.0445
9599	0.0661755	0.633069	51.0142	48.9863	-1.69691	39.1209
9619	0.0661764	0.634393	51.0128	48.9877	-1.6942	39.1974
9639	0.0661773	0.635716	51.0115	48.989	-1.69148	39.2738
9659	0.0661783	0.63704	51.0101	48.9904	-1.68877	39.3503
9679	0.0661792	0.638363	51.0088	48.9917	-1.68605	39.4267
9699	0.0661801	0.639687	51.0074	48.9931	-1.68333	39.5032
9719	0.066181	0.641011	51.0061	48.9945	-1.6806	39.5797
9739	0.0661819	0.642334	51.0047	48.9958	-1.67788	39.6563
9759	0.0661828	0.643658	51.0033	48.9972	-1.67515	39.7328
9779	0.0661838	0.644981	51.002	48.9985	-1.67242	39.8093
9799	0.0661847	0.646305	51.0006	48.9999	-1.66969	39.8859
9819	0.0661856	0.647629	50.9992	49.0013	-1.66695	39.9625
9839	0.0661865	0.648953	50.9979	49.0026	-1.66421	40.039
9859	0.0661875	0.650276	50.9965	49.004	-1.66148	40.1156
9879	0.0661884	0.6516	50.9951	49.0054	-1.65873	40.1923
9899	0.0661893	0.652924	50.9938	49.0067	-1.65599	40.2689
9919	0.0661902	0.654248	50.9924	49.0081	-1.65324	40.3455
9939	0.0661912	0.655571	50.991	49.0095	-1.65049	40.4222
9959	0.0661921	0.656895	50.9897	49.0109	-1.64774	40.4988
9980	0.066193	0.658219	50.9883	49.0122	-1.64499	40.5755
10000	0.0661939	0.659543	50.9869	49.0136	-1.64223	40.6522
10020	0.0661949	0.660867	50.9855	49.015	-1.63947	40.7289
10040	0.0661958	0.662191	50.9842	49.0164	-1.63671	40.8057
10060	0.0661967	0.663515	50.9828	49.0178	-1.63395	40.8824
10080	0.0661977	0.664839	50.9814	49.0191	-1.63118	40.9592
10100	0.0661986	0.666163	50.98	49.0205	-1.62841	41.0359
10120	0.0661995	0.667487	50.9786	49.0219	-1.62564	41.1127
10140	0.0662005	0.668811	50.9773	49.0233	-1.62287	41.1895
10160	0.0662014	0.670135	50.9759	49.0247	-1.62009	41.2663
10180	0.0662024	0.671459	50.9745	49.0261	-1.61731	41.3432
10200	0.0662033	0.672783	50.9731	49.0275	-1.61453	41.42
10220	0.0662042	0.674107	50.9717	49.0289	-1.61174	41.4969
10240	0.0662052	0.675431	50.9703	49.0302	-1.60896	41.5737
10260	0.0662061	0.676755	50.9689	49.0316	-1.60617	41.6506
10280	0.0662071	0.678079	50.9675	49.033	-1.60337	41.7275
10300	0.066208	0.679403	50.9661	49.0344	-1.60058	41.8045
10320	0.0662089	0.680727	50.9647	49.0358	-1.59778	41.8814
10340	0.0662099	0.682052	50.9633	49.0372	-1.59498	41.9584
10360	0.0662108	0.683376	50.9619	49.0386	-1.59218	42.0353
10380	0.0662118	0.6847	50.9606	49.04	-1.58937	42.1123
10400	0.0662127	0.686024	50.9591	49.0414	-1.58656	42.1893
10420	0.0662137	0.687349	50.9577	49.0428	-1.58375	42.2664
10440	0.0662146	0.688673	50.9563	49.0442	-1.58093	42.3434
10460	0.0662156	0.689997	50.9549	49.0456	-1.57812	42.4205
10480	0.0662165	0.691321	50.9535	49.0471	-1.5753	42.4975
10500	0.0662175	0.692646	50.9521	49.0485	-1.57247	42.5746
10520	0.0662184	0.69397	50.9507	49.0499	-1.56965	42.6517
10540	0.0662194	0.695295	50.9493	49.0513	-1.56682	42.7288
10560	0.0662203	0.696619	50.9479	49.0527	-1.56399	42.806
10580	0.0662213	0.697943	50.9465	49.0541	-1.56115	42.8831
10600	0.0662222	0.699268	50.9451	49.0555	-1.55832	42.9603
10620	0.0662232	0.700592	50.9436	49.057	-1.55547	43.0375
10640	0.0662242	0.701917	50.9422	49.0584	-1.55263	43.1147
10660	0.0662251	0.703241	50.9408	49.0598	-1.54979	43.192
10680	0.0662261	0.704566	50.9394	49.0612	-1.54694	43.2692
10700	0.066227	0.70589	50.938	49.0627	-1.54408	43.3465
10720	0.066228	0.707215	50.9365	49.0641	-1.54123	43.4237
10740	0.066229	0.708539	50.9351	49.0655	-1.53837	43.501
10760	0.0662299	0.709864	50.9337	49.0669	-1.53551	43.5784
10780	0.0662309	0.711189	50.9323	49.0684	-1.53264	43.6557
10800	0.0662319	0.712513	50.9308	49.0698	-1.52978	43.7331
10820	0.0662328	0.713838	50.9294	49.0712	-1.5269	43.8104
10840	0.0662338	0.715163	50.928	49.0727	-1.52403	43.8878
10860	0.0662348	0.716487	50.9265	49.0741	-1.52115	43.9652
10880	0.0662357	0.717812	50.9251	49.0755	-1.51827	44.0427
10900	0.0662367	0.719137	50.9237	49.077	-1.51539	44.1201
10920	0.0662377	0.720461	50.9222	49.0784	-1.5125	44.1976
10940	0.0662387	0.721786	50.9208	49.0799	-1.50961	44.2751
10960	0.0662396	0.723111	50.9193	49.0813	-1.50672	44.3526
10980	0.0662406	0.724436	50.9179	49.0828	-1.50382	44.4301
11000	0.0662416	0.725761	50.9164	49.0842	-1.50093	44.5076
11020	0.0662426	0.727085	50.915	49.0857	-1.49802	44.5852
11040	0.0662435	0.72841	50.9135	49.0871	-1.49512	44.6628
11060	0.0662445	0.729735	50.9121	49.0886	-1.49221	44.7404
11080	0.0662455	0.73106	50.9106	49.09	-1.4893	44.818
11100	0.0662465	0.732385	50.9092	49.0915	-1.48638	44.8957
11120	0.0662475	0.73371	50.9077	49.0929	-1.48346	44.9733
11140	0.0662485	0.735035	50.9063	49.0944	-1.48054	45.051
11160	0.0662494	0.73636	50.9048	49.0959	-1.47761	45.1287
11180	0.0662504	0.737685	50.9034	49.0973	-1.47468	45.2064
11200	0.0662514	0.73901	50.9019	49.0988	-1.47175	45.2842
11220	0.0662524	0.740335	50.9004	49.1003	-1.46882	45.3619
11240	0.0662534	0.74166	50.899	49.1017	-1.46588	45.4397
11260	0.0662544	0.742985	50.8975	49.1032	-1.46293	45.5175
11280	0.0662554	0.74431	50.896	49.1047	-1.45999	45.5953
11300	0.0662564	0.745635	50.8946	49.1061	-1.45704	45.6732
11320	0.0662574	0.74696	50.8931	49.1076	-1.45408	45.7511
11340	0.0662584	0.748286	50.8916	49.1091	-1.45113	45.8289
11360	0.0662594	0.749611	50.8901	49.1106	-1.44817	45.9069
11380	0.0662604	0.750936	50.8887	49.112	-1.4452	45.9848
11400	0.0662614	0.752261	50.8872	49.1135	-1.44224	46.0627
11420	0.0662624	0.753586	50.8857	49.115	-1.43927	46.1407
11440	0.0662634	0.754912	50.8842	49.1165	-1.43629	46.2187
11460	0.0662644	0.756237	50.8827	49.118	-1.43331	46.2967
11480	0.0662654	0.757562	50.8812	49.1195	-1.43033	46.3748
11500	0.0662664	0.758888	50.8798	49.121	-1.42735	46.4528
11520	0.0662674	0.760213	50.8783	49.1225	-1.42436	46.5309
11540	0.0662684	0.761538	50.8768	49.124	-1.42137	46.609
11560	0.0662694	0.762864	50.8753	49.1255	-1.41837	46.6871
11580	0.0662704	0.764189	50.8738	49.127	-1.41537	46.7653
11600	0.0662714	0.765514	50.8723	49.1285	-1.41237	46.8434
11620	0.0662724	0.76684	50.8708	49.13	-1.40936	46.9216
11640	0.0662735	0.768165	50.8693	49.1315	-1.40635	46.9999
11660	0.0662745	0.769491	50.8678	49.133	-1.40334	47.0781
11680	0.0662755	0.770816	50.8663	49.1345	-1.40032	47.1564
11700	0.0662765	0.772142	50.8648	49.136	-1.3973	47.2346
11720	0.0662775	0.773467	50.8633	49.1375	-1.39427	47.3129
11740	0.0662785	0.774793	50.8617	49.139	-1.39124	47.3913
11760	0.0662796	0.776119	50.8602	49.1405	-1.38821	47.4696
11780	0.0662806	0.777444	50.8587	49.142	-1.38517	47.548
11800	0.0662816	0.77877	50.8572	49.1436	-1.38213	47.6264
11820	0.0662826	0.780095	50.8557	49.1451	-1.37909	47.7048
11840	0.0662837	0.781421	50.8542	49.1466	-1.37604	47.7833
11860	0.0662847	0.782747	50.8526	49.1481	-1.37299	47.8617
11880	0.0662857	0.784072	50.8511	49.1497	-1.36993	47.9402
11900	0.0662868	0.785398	50.8496	49.1512	-1.36687	48.0187
11920	0.0662878	0.786724	50.8481	49.1527	-1.36381	48.0973
11940	0.0662888	0.78805	50.8465	49.1542	-1.36074	48.1758
11960	0.0662899	0.789375	50.845	49.1558	-1.35767	48.2544
11980	0.0662909	0.790701	50.8435	49.1573	-1.35459	48.3331
12000	0.0662919	0.792027	50.8419	49.1589	-1.35151	48.4117
12020	0.066293	0.793353	50.8404	49.1604	-1.34843	48.4903
12040	0.066294	0.794679	50.8389	49.1619	-1.34534	48.569
12060	0.066295	0.796005	50.8373	49.1635	-1.34225	48.6477
12080	0.0662961	0.797331	50.8358	49.165	-1.33915	48.7265
12100	0.0662971	0.798657	50.8342	49.1666	-1.33605	48.8052
12120	0.0662982	0.799982	50.8327	49.1681	-1.33295	48.884
12140	0.0662992	0.801308	50.8311	49.1697	-1.32984	48.9628
12160	0.0663003	0.802634	50.8296	49.1712	-1.32672	49.0417
12180	0.0663013	0.80396	50.828	49.1728	-1.32361	49.1205
12200	0.0663024	0.805287	50.8265	49.1744	-1.32049	49.1994
12220	0.0663034	0.806613	50.8249	49.1759	-1.31736	49.2783
12240	0.0663045	0.807939	50.8233	49.1775	-1.31423	49.3573
12260	0.0663055	0.809265	50.8218	49.179	-1.3111	49.4362
12280	0.0663066	0.810591	50.8202	49.1806	-1.30796	49.5152
12300	0.0663077	0.811917	50.8187	49.1822	-1.30482	49.5942
12320	0.0663087	0.813243	50.8171	49.1838	-1.30168	49.6733
12340	0.0663098	0.814569	50.8155	49.1853	-1.29853	49.7523
12360	0.0663108	0.815896	50.8139	49.1869	-1.29537	49.8314
12380	0.0663119	0.817222	50.8124	49.1885	-1.29221	49.9105
12400	0.066313	0.818548	50.8108	49.1901	-1.28905	49.9897
12420	0.066314	0.819874	50.8092	49.1916	-1.28588	50.0689
12440	0.0663151	0.821201	50.8076	49.1932	-1.28271	50.148
12460	0.0663162	0.822527	50.806	49.1948	-1.27954	50.2273
12480	0.0663172	0.823853	50.8045	49.1964	-1.27636	50.3065
12500	0.0663183	0.82518	50.8029	49.198	-1.27317	50.3858
12520	0.0663194	0.826506	50.8013	49.1996	-1.26998	50.4651
12540	0.0663205	0.827832	50.7997	49.2012	-1.26679	50.5444
12560	0.0663215	0.829159	50.7981	49.2028	-1.26359	50.6238
12580	0.0663226	0.830485	50.7965	49.2044	-1.26039	50.7032
12600	0.0663237	0.831812	50.7949	49.206	-1.25719	50.7826
12620	0.0663248	0.833138	50.7933	49.2076	-1.25397	50.862
12640	0.0663259	0.834465	50.7917	49.2092	-1.25076	50.9415
12660	0.0663269	0.835791	50.7901	49.2108	-1.24754	51.021
12680	0.066328	0.837118	50.7885	49.2124	-1.24432	51.1005
12700	0.0663291	0.838444	50.7869	49.214	-1.24109	51.1801
12720	0.0663302	0.839771	50.7853	49.2156	-1.23785	51.2596
12740	0.0663313	0.841098	50.7836	49.2173	-1.23462	51.3392
12760	0.0663324	0.842424	50.782	49.2189	-1.23137	51.4189
12780	0.0663335	0.843751	50.7804	49.2205	-1.22813	51.4985
12800	0.0663346	0.845078	50.7788	49.2221	-1.22487	51.5782
12820	0.0663357	0.846404	50.7772	49.2238	-1.22162	51.658
12840	0.0663368	0.847731	50.7755	49.2254	-1.21836	51.7377
12860	0.0663379	0.849058	50.7739	49.227	-1.21509	51.8175
12880	0.066339	0.850384	50.7723	49.2287	-1.21182	51.8973
12900	0.0663401	0.851711	50.7706	49.2303	-1.20855	51.9771
12920	0.0663412	0.853038	50.769	49.2319	-1.20527	52.057
12940	0.0663423	0.854365	50.7674	49.2336	-1.20198	52.1369
12960	0.0663434	0.855692	50.7657	49.2352	-1.19869	52.2168
12980	0.0663445	0.857019	50.7641	49.2369	-1.1954	52.2968
13000	0.0663456	0.858346	50.7624	49.2385	-1.1921	52.3767
13020	0.0663467	0.859672	50.7608	49.2402	-1.1888	52.4567
13040	0.0663478	0.860999	50.7591	49.2418	-1.18549	52.5368
13060	0.0663489	0.862326	50.7575	49.2435	-1.18218	52.6169
13080	0.0663501	0.863653	50.7558	49.2451	-1.17886	52.697
13100	0.0663512	0.86498	50.7542	49.2468	-1.17554	52.7771
13120	0.0663523	0.866307	50.7525	49.2484	-1.17221	52.8572
13140	0.0663534	0.867634	50.7509	49.2501	-1.16888	52.9374
13160	0.0663545	0.868962	50.7492	49.2518	-1.16554	53.0177
13180	0.0663557	0.870289	50.7475	49.2534	-1.1622	53.0979
13200	0.0663568	0.871616	50.7459	49.2551	-1.15885	53.1782
13220	0.0663579	0.872943	50.7442	49.2568	-1.1555	53.2585
13240	0.066359	0.87427	50.7425	49.2585	-1.15214	53.3388
13260	0.0663602	0.875597	50.7408	49.2602	-1.14878	53.4192
13280	0.0663613	0.876925	50.7392	49.2618	-1.14541	53.4996
13300	0.0663624	0.878252	50.7375	49.2635	-1.14204	53.58
13320	0.0663636	0.879579	50.7358	49.2652	-1.13866	53.6605
13340	0.0663647	0.880906	50.7341	49.2669	-1.13528	53.741
13360	0.0663659	0.882234	50.7324	49.2686	-1.1319	53.8215
13380	0.066367	0.883561	50.7307	49.2703	-1.1285	53.9021
13400	0.0663681	0.884888	50.729	49.272	-1.12511	53.9827
13420	0.0663693	0.886216	50.7273	49.2737	-1.1217	54.0633
13440	0.0663704	0.887543	50.7256	49.2754	-1.1183	54.144
13460	0.0663716	0.88887	50.7239	49.2771	-1.11488	54.2247
13480	0.0663727	0.890198	50.7222	49.2788	-1.11147	54.3054
13500	0.0663739	0.891525	50.7205	49.2805	-1.10804	54.3861
13520	0.066375	0.892853	50.7188	49.2822	-1.10461	54.4669
13540	0.0663762	0.89418	50.7171	49.2839	-1.10118	54.5477
13560	0.0663773	0.895508	50.7154	49.2857	-1.09774	54.6286
13580	0.0663785	0.896835	50.7137	49.2874	-1.0943	54.7095
13600	0.0663797	0.898163	50.712	49.2891	-1.09085	54.7904
13620	0.0663808	0.899491	50.7102	49.2908	-1.0874	54.8713
13640	0.066382	0.900818	50.7085	49.2926	-1.08394	54.9523
13660	0.0663832	0.902146	50.7068	49.2943	-1.08047	55.0333
13680	0.0663843	0.903474	50.7051	49.296	-1.077	55.1144
13700	0.0663855	0.904801	50.7033	49.2978	-1.07353	55.1954
13720	0.0663867	0.906129	50.7016	49.2995	-1.07004	55.2765
13740	0.0663878	0.907457	50.6999	49.3012	-1.06656	55.3577
13760	0.066389	0.908785	50.6981	49.303	-1.06307	55.4389
13780	0.0663902	0.910112	50.6964	49.3047	-1.05957	55.5201
13800	0.0663914	0.91144	50.6946	49.3065	-1.05607	55.6013
13820	0.0663925	0.912768	50.6929	49.3082	-1.05256	55.6826
13840	0.0663937	0.914096	50.6911	49.31	-1.04904	55.7639
13860	0.0663949	0.915424	50.6894	49.3117	-1.04553	55.8453
13880	0.0663961	0.916752	50.6876	49.3135	-1.042	55.9267
13900	0.0663973	0.91808	50.6858	49.3153	-1.03847	56.0081
13920	0.0663985	0.919408	50.6841	49.317	-1.03494	56.0895
13940	0.0663997	0.920736	50.6823	49.3188	-1.03139	56.171
13960	0.0664009	0.922064	50.6806	49.3206	-1.02785	56.2525
13980	0.0664021	0.923392	50.6788	49.3224	-1.02429	56.3341
14000	0.0664033	0.92472	50.677	49.3241	-1.02074	56.4157
14020	0.0664044	0.926048	50.6752	49.3259	-1.01717	56.4973
14040	0.0664056	0.927376	50.6734	49.3277	-1.0136	56.579
14060	0.0664069	0.928704	50.6717	49.3295	-1.01003	56.6607
14080	0.0664081	0.930032	50.6699	49.3313	-1.00645	56.7424
14100	0.0664093	0.93136	50.6681	49.3331	-1.00286	56.8242
14120	0.0664105	0.932688	50.6663	49.3349	-0.999269	56.906
14140	0.0664117	0.934017	50.6645	49.3367	-0.995671	56.9878
14160	0.0664129	0.935345	50.6627	49.3385	-0.992068	57.0697
14180	0.0664141	0.936673	50.6609	49.3403	-0.988458	57.1516
14200	0.0664153	0.938001	50.6591	49.3421	-0.984843	57.2335
14220	0.0664165	0.93933	50.6573	49.3439	-0.981222	57.3155
14240	0.0664178	0.940658	50.6555	49.3457	-0.977595	57.3975
14260	0.066419	0.941986	50.6537	49.3475	-0.973962	57.4796
14280	0.0664202	0.943315	50.6519	49.3493	-0.970323	57.5617
14300	0.0664214	0.944643	50.6501	49.3511	-0.966678	57.6438
14320	0.0664227	0.945972	50.6482	49.353	-0.963028	57.726
14340	0.0664239	0.9473	50.6464	49.3548	-0.959371	57.8082
14360	0.0664251	0.948629	50.6446	49.3566	-0.955709	57.8904
14380	0.0664263	0.949957	50.6428	49.3585	-0.95204	57.9727
14400	0.0664276	0.951286	50.6409	49.3603	-0.948366	58.055
14420	0.0664288	0.952614	50.6391	49.3621	-0.944685	58.1374
14440	0.0664301	0.953943	50.6373	49.364	-0.940999	58.2198
14460	0.0664313	0.955272	50.6354	49.3658	-0.937306	58.3022
14480	0.0664325	0.9566	50.6336	49.3677	-0.933607	58.3847
14500	0.0664338	0.957929	50.6317	49.3695	-0.929902	58.4672
14520	0.066435	0.959258	50.6299	49.3714	-0.926191	58.5497
14540	0.0664363	0.960586	50.628	49.3732	-0.922474	58.6323
14560	0.0664375	0.961915	50.6262	49.3751	-0.918751	58.7149
14580	0.0664388	0.963244	50.6243	49.377	-0.915022	58.7976
14600	0.06644	0.964573	50.6224	49.3788	-0.911286	58.8803
14620	0.0664413	0.965901	50.6206	49.3807	-0.907544	58.963
14640	0.0664426	0.96723	50.6187	49.3826	-0.903796	59.0458
14660	0.0664438	0.968559	50.6168	49.3844	-0.900042	59.1286
14680	0.0664451	0.969888	50.615	49.3863	-0.896281	59.2115
14700	0.0664464	0.971217	50.6131	49.3882	-0.892514	59.2943
14720	0.0664476	0.972546	50.6112	49.3901	-0.888741	59.3773
14740	0.0664489	0.973875	50.6093	49.392	-0.884961	59.4602
14760	0.0664502	0.975204	50.6074	49.3939	-0.881175	59.5433
14780	0.0664514	0.976533	50.6055	49.3958	-0.877382	59.6263
14800	0.0664527	0.977862	50.6036	49.3977	-0.873584	59.7094
14820	0.066454	0.979191	50.6017	49.3996	-0.869778	59.7925
14840	0.0664553	0.98052	50.5998	49.4015	-0.865967	59.8757
14860	0.0664566	0.981849	50.5979	49.4034	-0.862148	59.9589
14880	0.0664578	0.983178	50.596	49.4053	-0.858324	60.0422
14900	0.0664591	0.984507	50.5941	49.4072	-0.854492	60.1254
14920	0.0664604	0.985837	50.5922	49.4091	-0.850655	60.2088
14940	0.0664617	0.987166	50.5903	49.411	-0.84681	60.2921
14960	0.066463	0.988495	50.5884	49.413	-0.842959	60.3756
14980	0.0664643	0.989824	50.5865	49.4149	-0.839102	60.459
15000	0.0664656	0.991154	50.5845	49.4168	-0.835238	60.5425
15020	0.0664669	0.992483	50.5826	49.4188	-0.831367	60.626
15040	0.0664682	0.993812	50.5807	49.4207	-0.827489	60.7096
15060	0.0664695	0.995142	50.5787	49.4226	-0.823605	60.7932
15080	0.0664708	0.996471	50.5768	49.4246	-0.819714	60.8769
15100	0.0664721	0.9978	50.5748	49.4265	-0.815816	60.9606
15120	0.0664734	0.99913	50.5729	49.4285	-0.811912	61.0444
15140	0.0664735	1	50.5712	49.4297	-0.809353	61.0992
15160	0.0664736	1	50.5709	49.4292	-0.809353	61.0992
15180	0.0664736	1	50.5709	49.4292	-0.809353	61.0992
15200	0.0664736	1	50.5709	49.4291	-0.809353	61.0992
15220	0.0664736	1	50.5709	49.4291	-0.809353	61.0992
15240	0.0664736	1	50.5709	49.4291	-0.809353	61.0992
15260	0.0664736	1	50.5709	49.4291	-0.809353	61.0992
15280	0.0664736	1	50.5709	49.4291	-0.809353	61.0992
15300	0.0664736	1	50.5709	49.4291	-0.809353	61.0992
15320	0.0664736	1	50.5709	49.4291	-0.809353	61.0992
15340	0.0664736	1	50.5709	49.4291	-0.809353	61.0992
15360	0.0664736	1	50.5709	49.4291	-0.809353	61.0992
15380	0.0664736	1	50.5709	49.4291	-0.809353	61.0992
15400	0.0664736	1	50.5709	49.4291	-0.809353	61.0992
15420	0.0664736	1	50.5709	49.4291	-0.809353	61.0992
15440	0.0664736	1	50.5709	49.4291	-0.809353	61.0992
15460	0.0664736	1	50.5709	49.4291	-0.809353	61.0992
15480	0.0664736	1	50.5709	49.4291	-0.809353	61.0992
15500	0.0664736	1	50.5709	49.4291	-0.809353	61.0992
15520	0.0664736	1	50.5709	49.4291	-0.809353	61.0992
15540	0.0664736	1	50.5709	49.4291	-0.809353	61.0992
15560	0.0664736	1	50.5709	49.4291	-0.809353	61.0992
15580	0.0664736	1	50.5709	49.4291	-0.809353	61.0992
15600	0.0664736	1	50.5709	49.4291	-0.809353	61.0992
15620	0.0664736	1	50.5709	49.4291	-0.809353	61.0992
15640	0.0664736	1	50.5709	49.4291	-0.809353	61.0992
15660	0.0664736	1	50.5709	49.4291	-0.809353	61.0992
15680	0.0664736	1	50.5709	49.4291	-0.809353	61.0992
15700	0.0664736	1	50.5709	49.4291	-0.809353	61.0992
15720	0.0664736	1	50.5709	49.4291	-0.809353	61.0992
15740	0.0664736	1	50.5709	49.4291	-0.809353	61.0992
15760	0.0664736	1	50.5709	49.4291	-0.809353	61.0992
15780	0.0664736	1	50.5709	49.4291	-0.809353	61.0992
15800	0.0664736	1	50.5709	49.4291	-0.809353	61.0992
15820	0.0664736	1	50.5709	49.4291	-0.809353	61.0992
15840	0.0664736	1	50.5709	49.4291	-0.809353	61.0992
15860	0.0664736	1	50.5709	49.4291	-0.809353	61.0992
15880	0.0664736	1	50.5709	49.4291	-0.809353	61.0992
15900	0.0664736	1	50.5709	49.4291	-0.809353	61.0992
15920	0.0664736	1	50.5709	49.4291	-0.809353	61.0992
15940	0.0664736	1	50.5709	49.4291	-0.809353	61.0992
15960	0.0664736	1	50.5709	49.4291	-0.809353	61.0992
15980	0.0664736	1	50.5709	49.4291	-0.809353	61.0992
16000	0.0664736	1	50.5709	49.4291	-0.809353	61.0992
16020	0.0664736	1	50.5709	49.4291	-0.809353	61.0992
16040	0.0664736	1	50.5709	49.4291	-0.809353	61.0992
16060	0.0664736	1	50.5709	49.4291	-0.809353	61.0992
16080	0.0664736	1	50.5709	49.4291	-0.809353	61.0992
16100	0.0664736	1	50.5709	49.4291	-0.809353	61.0992
16120	0.0664736	1	50.5709	49.4291	-0.809353	61.0992
16140	0.0664736	1	50.5709	49.4291	-0.809353	61.0992
16160	0.0664736	1	50.5709	49.4291	-0.809353	61.0992
16180	0.0664736	1	50.5709	49.4291	-0.809353	61.0992
16200	0.0664736	1	50.5709	49.4291	-0.809353	61.0992
16220	0.0664736	1	50.5709	49.4291	-0.809353	61.0992
16240	0.0664736	1	50.5709	49.4291	-0.809353	61.0992
16260	0.0664736	1	50.5709	49.4291	-0.809353	61.0992
16280	0.0664736	1	50.5709	49.4291	-0.809353	61.0992
16300	0.0664736	1	50.5709	49.4291	-0.809353	61.0992
16320	0.0664736	1	50.5709	49.4291	-0.809353	61.0992
16340	0.0664736	1	50.5709	49.4291	-0.809353	61.0992
16360	0.0664736	1	50.5709	49.4291	-0.809353	61.0992
16380	0.0664736	1	50.5709	49.4291	-0.809353	61.0992
16400	0.0664736	1	50.5709	49.4291	-0.809353	61.0992
16420	0.0664736	1	50.5709	49.4291	-0.809353	61.0992
16440	0.0664736	1	50.5709	49.4291	-0.809353	61.0992
16460	0.0664736	1	50.5709	49.4291	-0.809353	61.0992
16480	0.0664736	1	50.5709	49.4291	-0.809353	61.0992
16500	0.0664736	1	50.5709	49.4291	-0.809353	61.0992
16520	0.0664736	1	50.5709	49.4291	-0.809353	61.0992
16540	0.0664736	1	50.5709	49.4291	-0.809353	61.0992
16560	0.0664736	1	50.5709	49.4291	-0.809353	61.0992
16580	0.0664736	1	50.5709	49.4291	-0.809353	61.0992
16600	0.0664736	1	50.5709	49.4291	-0.809353	61.0992
16620	0.0664736	1	50.5709	49.4291	-0.809353	61.0992
16640	0.0664736	1	50.5709	49.4291	-0.809353	61.0992
16660	0.0664736	1	50.5709	49.4291	-0.809353	61.0992
16680	0.0664736	1	50.5709	49.4291	-0.809353	61.0992
16700	0.0664736	1	50.5709	49.4291	-0.809353	61.0992
16720	0.0664736	1	50.5709	49.4291	-0.809353	61.0992
16740	0.0664736	1	50.5709	49.4291	-0.809353	61.0992
16760	0.0664736	1	50.5709	49.4291	-0.809353	61.0992
16780	0.0664736	1	50.5709	49.4291	-0.809353	61.0992
16800	0.0664736	1	50.5709	49.4291	-0.809353	61.0992
16820	0.0664736	1	50.5709	49.4291	-0.809353	61.0992
16840	0.0664736	1	50.5709	49.4291	-0.809353	61.0992
16860	0.0664736	1	50.5709	49.4291	-0.809353	61.0992
16880	0.0664736	1	50.5709	49.4291	-0.809353	61.0992
16900	0.0664736	1	50.5709	49.4291	-0.809353	61.0992
16920	0.0664736	1	50.5709	49.4291	-0.809353	61.0992
16940	0.0664736	1	50.5709	49.4291	-0.809353	61.0992
16960	0.0664736	1	50.5709	49.4291	-0.809353	61.0992
16980	0.0664736	1	50.5709	49.4291	-0.809353	61.0992
17000	0.0664736	1	50.5709	49.4291	-0.809353	61.0992
17020	0.0664736	1	50.5709	49.4291	-0.809353	61.0992
17040	0.0664736	1	50.5709	49.4291	-0.809353	61.0992
17060	0.0664736	1	50.5709	49.4291	-0.809353	61.0992
17080	0.0664736	1	50.5709	49.4291	-0.809353	61.0992
17100	0.0664736	1	50.5709	49.4291	-0.809353	61.0992
17120	0.0664736	1	50.5709	49.4291	-0.809353	61.0992
17140	0.0664736	1	50.5709	49.4291	-0.809353	61.0992
17160	0.0664736	1	50.5709	49.4291	-0.809353	61.0992
17180	0.0664736	1	50.5709	49.4291	-0.809353	61.0992
17200	0.0664736	1	50.5709	49.4291	-0.809353	61.0992
17220	0.0664736	1	50.5709	49.4291	-0.809353	61.0992
17240	0.0664736	1	50.5709	49.4291	-0.809353	61.0992
17260	0.0664736	1	50.5709	49.4291	-0.809353	61.0992
17280	0.0664736	1	50.5709	49.4291	-0.809353	61.0992
17300	0.0664736	1	50.5709	49.4291	-0.809353	61.0992
17320	0.0664736	1	50.5709	49.4291	-0.809353	61.0992
17340	0.0664736	1	50.5709	49.4291	-0.809353	61.0992
17360	0.0664736	1	50.5709	49.4291	-0.809353	61.0992
17380	0.0664736	1	50.5709	49.4291	-0.809353	61.0992
17400	0.0664736	1	50.5709	49.4291	-0.809353	61.0992
17420	0.0664736	1	50.5709	49.4291	-0.809353	61.0992
17440	0.0664736	1	50.5709	49.4291	-0.809353	61.0992
17460	0.0664736	1	50.5709	49.4291	-0.809353	61.0992
17480	0.0664736	1	50.5709	49.4291	-0.809353	61.0992
17500	0.0664736	1	50.5709	49.4291	-0.809353	61.0992
17520	0.0664736	1	50.5709	49.4291	-0.809353	61.0992
17540	0.0664736	1	50.5709	49.4291	-0.809353	61.0992
17560	0.0664736	1	50.5709	49.4291	-0.809353	61.0992
17580	0.0664736	1	50.5709	49.4291	-0.809353	61.0992
17600	0.0664736	1	50.5709	49.4291	-0.809353	61.0992
17620	0.0664736	1	50.5709	49.4291	-0.809353	61.0992
17640	0.0664736	1	50.5709	49.4291	-0.809353	61.0992
17660	0.0664736	1	50.5709	49.4291	-0.809353	61.0992
17680	0.0664736	1	50.5709	49.4291	-0.809353	61.0992
17700	0.0664736	1	50.5709	49.4291	-0.809353	61.0992
17720	0.0664736	1	50.5709	49.4291	-0.809353	61.0992
17740	0.0664736	1	50.5709	49.4291	-0.809353	61.0992
17760	0.0664736	1	50.5709	49.4291	-0.809353	61.0992
17780	0.0664736	1	50.5709	49.4291	-0.809353	61.0992
17800	0.0664736	1	50.5709	49.4291	-0.809353	61.0992
17820	0.0664736	1	50.5709	49.4291	-0.809353	61.0992
17840	0.0664736	1	50.5709	49.4291	-0.809353	61.0992
17860	0.0664736	1	50.5709	49.4291	-0.809353	61.0992
17880	0.0664736	1	50.5709	49.4291	-0.809353	61.0992
17900	0.0664736	1	50.5709	49.4291	-0.809353	61.0992
17920	0.0664736	1	50.5709	49.4291	-0.809353	61.0992
17940	0.0664736	1	50.5709	49.4291	-0.809353	61.0992
17960	0.0664736	1	50.5709	49.4291	-0.809353	61.0992
17980	0.0664736	1	50.5709	49.4291	-0.809353	61.0992
18000	0.0664736	1	50.5709	49.4291	-0.809353	61.0992
18020	0.0664736	1	50.5709	49.4291	-0.809353	61.0992
18040	0.0664736	1	50.5709	49.4291	-0.809353	61.0992
18060	0.0664736	1	50.5709	49.4291	-0.809353	61.0992
18080	0.0664736	1	50.5709	49.4291	-0.809353	61.0992
18100	0.0664736	1	50.5709	49.4291	-0.809353	61.0992
18120	0.0664736	1	50.5709	49.4291	-0.809353	61.0992
18140	0.0664736	1	50.5709	49.4291	-0.809353	61.0992
18160	0.0664736	1	50.5709	49.4291	-0.809353	61.0992
18180	0.0664736	1	50.5709	49.4291	-0.809353	61.0992
18200	0.0664736	1	50.5709	49.4291	-0.809353	61.0992
18220	0.0664736	1	50.5709	49.4291	-0.809353	61.0992
18240	0.0664736	1	50.5709	49.4291	-0.809353	61.0992
18260	0.0664736	1	50.5709	49.4291	-0.809353	61.0992
18280	0.0664736	1	50.5709	49.4291	-0.809353	61.0992
18300	0.0664736	1	50.5709	49.4291	-0.809353	61.0992
18320	0.0664736	1	50.5709	49.4291	-0.809353	61.0992
18340	0.0664736	1	50.5709	49.4291	-0.809353	61.0992
18360	0.0664736	1	50.5709	49.4291	-0.809353	61.0992
18380	0.0664736	1	50.5709	49.4291	-0.809353	61.0992
18400	0.0664736	1	50.5709	49.4291	-0.809353	61.0992
18420	0.0664736	1	50.5709	49.4291	-0.809353	61.0992
18440	0.0664736	1	50.5709	49.4291	-0.809353	61.0992
18460	0.0664736	1	50.5709	49.4291	-0.809353	61.0992
18480	0.0664736	1	50.5709	49.4291	-0.809353	61.0992
18500	0.0664736	1	50.5709	49.4291	-0.809353	61.0992
18520	0.0664736	1	50.5709	49.4291	-0.809353	61.0992
18540	0.0664736	1	50.5709	49.4291	-0.809353	61.0992
18560	0.0664736	1	50.5709	49.4291	-0.809353	61.0992
18580	0.0664736	1	50.5709	49.4291	-0.809353	61.0992
18600	0.0664736	1	50.5709	49.4291	-0.809353	61.0992
18620	0.0664736	1	50.5709	49.4291	-0.809353	61.0992
18640	0.0664736	1	50.5709	49.4291	-0.809353	61.0992
18660	0.0664736	1	50.5709	49.4291	-0.809353	61.0992
18680	0.0664736	1	50.5709	49.4291	-0.809353	61.0992
18700	0.0664736	1	50.5709	49.4291	-0.809353	61.0992
18720	0.0664736	1	50.5709	49.4291	-0.809353	61.0992
18740	0.0664736	1	50.5709	49.4291	-0.809353	61.0992
18760	0.0664736	1	50.5709	49.4291	-0.809353	61.0992
18780	0.0664736	1	50.5709	49.4291	-0.809353	61.0992
18800	0.0664736	1	50.5709	49.4291	-0.809353	61.0992
18820	0.0664736	1	50.5709	49.4291	-0.809353	61.0992
18840	0.0664736	1	50.5709	49.4291	-0.809353	61.0992
18860	0.0664736	1	50.5709	49.4291	-0.809353	61.0992
18880	0.0664736	1	50.5709	49.4291	-0.809353	61.0992
18900	0.0664736	1	50.5709	49.4291	-0.809353	61.0992
18920	0.0664736	1	50.5709	49.4291	-0.809353	61.0992
18940	0.0664736	1	50.5709	49.4291	-0.809353	61.0992
18960	0.0664736	1	50.5709	49.4291	-0.809353	61.0992
18980	0.0664736	1	50.5709	49.4291	-0.809353	61.0992
19000	0.0664736	1	50.5709	49.4291	-0.809353	61.0992
19020	0.0664736	1	50.5709	49.4291	-0.809353	61.0992
19040	0.0664736	1	50.5709	49.4291	-0.809353	61.0992
19060	0.0664736	1	50.5709	49.4291	-0.809353	61.0992
19080	0.0664736	1	50.5709	49.4291	-0.809353	61.0992
19100	0.0664736	1	50.5709	49.4291	-0.809353	61.0992
19120	0.0664736	1	50.5709	49.4291	-0.809353	61.0992
19140	0.0664736	1	50.5709	49.4291	-0.809353	61.0992
19160	0.0664736	1	50.5709	49.4291	-0.809353	61.0992
19180	0.0664736	1	50.5709	49.4291	-0.809353	61.0992
19200	0.0664736	1	50.5709	49.4291	-0.809353	61.0992
19220	0.0664736	1	50.5709	49.4291	-0.809353	61.0992
19240	0.0664736	1	50.5709	49.4291	-0.809353	61.0992
19260	0.0664736	1	50.5709	49.4291	-0.809353	61.0992
19280	0.0664736	1	50.5709	49.4291	-0.809353	61.0992
19300	0.0664736	1	50.5709	49.4291	-0.809353	61.0992
19320	0.0664736	1	50.5709	49.4291	-0.809353	61.0992
19340	0.0664736	1	50.5709	49.4291	-0.809353	61.0992
19360	0.0664736	1	50.5709	49.4291	-0.809353	61.0992
19380	0.0664736	1	50.5709	49.4291	-0.809353	61.0992
19400	0.0664736	1	50.5709	49.4291	-0.809353	61.0992
19420	0.0664736	1	50.5709	49.4291	-0.809353	61.0992
19440	0.0664736	1	50.5709	49.4291	-0.809353	61.0992
19460	0.0664736	1	50.5709	49.4291	-0.809353	61.0992
19480	0.0664736	1	50.5709	49.4291	-0.809353	61.0992
19500	0.0664736	1	50.5709	49.4291	-0.809353	61.0992
19520	0.0664736	1	50.5709	49.4291	-0.809353	61.0992
19540	0.0664736	1	50.5709	49.4291	-0.809353	61.0992
19560	0.0664736	1	50.5709	49.4291	-0.809353	61.0992
19580	0.0664736	1	50.5709	49.4291	-0.809353	61.0992
19600	0.0664736	1	50.5709	49.4291	-0.809353	61.0992
19620	0.0664736	1	50.5709	49.4291	-0.809353	61.0992
19639	0.0664736	1	50.5709	49.4291	-0.809353	61.0992
19659	0.0664736	1	50.5709	49.4291	-0.809353	61.0992
19679	0.0664736	1	50.5709	49.4291	-0.809353	61.0992
19699	0.0664736	1	50.5709	49.4291	-0.809353	61.0992
19719	0.0664736	1	50.5709	49.4291	-0.809353	61.0992
19739	0.0664736	1	50.5709	49.4291	-0.809353	61.0992
19759	0.0664736	1	50.5709	49.4291	-0.809353	61.0992
19779	0.0664736	1	50.5709	49.4291	-0.809353	61.0992
19799	0.0664736	1	50.5709	49.4291	-0.809353	61.0992
19819	0.0664736	1	50.5709	49.4291	-0.809353	61.0992
19839	0.0664736	1	50.5709	49.4291	-0.809353	61.0992
19859	0.0664736	1	50.5709	49.4291	-0.809353	61.0992
19879	0.0664736	1	50.5709	49.4291	-0.809353	61.0992
19899	0.0664736	1	50.5709	49.4291	-0.809353	61.0992
19919	0.0664736	1	50.5709	49.4291	-0.809353	61.0992
19939	0.0664736	1	50.5709	49.4291	-0.809353	61.0992
19959	0.0664736	1	50.5709	49.4291	-0.809353	61.0992
19979	0.0664736	1	50.5709	49.4291	-0.809353	61.0992
